# Vmax value from Zscale on Trainset
# All Vmin are 0
Linear: 0.9538455441441556
Log: 1.0
Power: 0.021504631274158185
Sqrt: 1.0
Squared: 0.2685944153893656
ASINH: 0.9994076500993233
SINH: 0.32274698918936634